1000
830 151 61
704 528 48
760 210 27
111 497 13
734 100 11
79 671 32
287 543 12
142 373 44
103 116 79
986 455 69
808 693 67
859 839 98
211 603 64
894 238 19
649 337 96
397 855 22
776 681 69
317 99 71
927 808 42
897 937 98
234 228 57
379 951 64
345 823 96
344 409 27
169 495 34
149 830 15
717 652 15
822 823 10
771 150 14
649 939 51
313 898 42
371 394 7
252 341 65
399 171 21
999 19 32
395 305 22
870 505 66
686 283 9
468 579 38
872 954 97
430 471 65
477 569 69
278 762 49
65 126 27
773 409 31
271 837 21
413 305 85
352 402 59
791 274 92
87 993 18
493 698 91
48 481 22
67 387 94
808 566 29
169 119 74
53 886 79
849 411 9
381 129 51
594 325 57
397 368 3
375 644 97
555 362 14
219 662 63
477 974 93
975 724 47
815 234 57
764 439 83
378 87 50
994 869 99
684 586 75
901 950 64
463 248 35
517 647 97
189 390 51
900 263 95
658 336 67
687 876 1
422 300 51
176 257 92
11 555 12
368 851 41
940 165 51
958 758 50
264 841 64
295 447 75
977 915 36
623 524 31
522 416 27
754 570 28
909 591 67
821 638 26
931 175 83
171 285 68
514 833 2
438 525 86
543 106 43
284 590 54
441 442 43
829 884 88
518 651 34
834 508 49
438 267 84
317 226 37
195 407 26
719 434 31
202 547 75
563 977 79
443 564 13
763 709 50
773 610 94
642 122 56
954 861 68
846 78 70
195 19 10
282 520 4
936 347 58
299 302 39
306 906 11
345 444 48
800 409 26
235 331 10
581 255 5
968 278 25
209 601 64
752 559 33
184 189 27
51 765 40
215 190 6
293 466 36
625 247 18
677 99 67
344 426 5
134 777 40
796 746 44
268 238 55
148 331 70
471 826 93
844 936 51
618 593 24
342 512 29
119 992 87
960 376 1
435 712 78
837 740 11
860 991 29
943 824 26
460 416 51
398 149 6
24 240 78
897 111 52
944 959 93
835 21 66
402 794 38
278 33 5
782 159 42
694 600 71
997 881 1
483 550 26
43 471 97
311 531 67
413 627 99
231 248 59
558 608 25
669 529 20
721 730 69
263 974 31
302 139 18
388 640 66
661 121 59
774 210 82
440 709 63
270 184 41
333 440 56
481 200 47
530 743 32
52 186 31
183 962 4
804 131 13
279 694 65
423 257 85
35 112 5
725 97 83
908 40 32
722 169 3
151 792 59
970 329 2
844 355 37
898 754 32
734 735 10
350 345 20
90 311 74
210 111 46
198 67 23
259 311 57
270 205 28
219 609 51
393 732 70
179 113 95
417 204 10
73 280 33
608 151 68
555 40 49
836 341 48
635 69 95
866 860 98
395 953 75
394 127 45
682 767 36
404 132 6
140 30 60
204 214 3
992 984 95
270 561 32
392 755 23
703 372 80
365 196 28
579 516 26
260 29 80
492 277 56
169 304 88
733 607 61
936 544 64
305 720 74
187 314 20
555 50 9
685 716 62
702 814 51
275 925 73
306 649 23
7 479 17
965 528 62
250 205 77
404 625 25
715 963 35
452 577 23
202 616 8
68 769 3
704 675 8
73 110 67
717 687 35
229 963 85
954 375 6
588 871 63
961 113 86
459 287 10
679 577 20
401 872 87
321 112 2
490 875 72
383 430 72
240 154 58
397 725 56
538 151 86
856 546 91
947 708 6
799 330 88
921 818 67
451 776 46
635 29 10
501 900 30
655 553 96
817 82 79
361 126 69
664 19 46
399 784 1
484 788 43
209 905 53
402 633 84
107 755 24
39 835 44
521 303 4
504 307 36
473 485 75
485 874 5
611 894 88
301 477 54
838 542 43
994 411 80
62 205 4
298 903 87
770 706 83
290 830 89
417 145 77
830 539 37
582 687 15
245 43 90
784 832 66
230 829 26
572 312 74
474 59 37
432 898 8
318 830 42
883 319 36
486 470 41
93 405 100
771 306 72
663 276 42
749 20 82
996 686 42
788 29 2
624 154 98
226 219 4
634 545 81
237 576 56
184 491 96
122 41 70
211 644 10
529 443 66
573 499 30
1 203 10
369 756 21
469 650 1
983 724 74
819 425 20
813 263 86
218 320 31
599 867 12
14 464 49
420 612 16
263 662 98
224 137 33
45 385 59
930 204 15
494 321 99
95 953 7
167 382 18
902 838 84
161 692 24
185 754 12
448 533 27
360 562 24
414 769 27
11 858 26
163 83 78
550 890 7
654 276 22
912 175 42
794 277 81
445 542 16
457 930 1
794 480 12
328 12 3
61 249 41
801 244 6
268 456 40
431 942 99
475 197 23
489 62 64
383 976 1
633 701 48
184 726 18
823 618 100
893 201 21
126 517 62
807 728 6
671 873 90
266 487 3
276 599 83
988 834 8
355 396 60
346 617 4
847 41 94
981 632 27
754 635 54
730 738 44
159 72 33
436 993 58
336 353 98
65 757 59
93 328 15
990 721 93
773 676 46
389 946 62
769 61 39
119 715 96
720 66 7
424 883 92
215 170 75
760 263 86
535 625 24
495 613 78
2 306 57
510 912 3
948 809 76
582 629 6
827 270 96
348 560 54
805 595 93
625 911 11
217 225 100
596 344 84
620 299 22
462 412 46
806 954 91
320 443 36
283 85 58
857 609 77
827 420 45
934 829 55
650 32 84
540 864 49
310 848 7
962 628 97
109 340 25
102 715 2
216 529 8
828 491 42
42 659 33
272 144 88
188 25 21
764 479 5
668 585 40
829 411 41
845 799 9
631 89 87
205 240 77
246 908 1
551 184 75
115 797 31
982 793 67
955 784 67
124 551 8
492 283 85
729 948 7
918 33 8
649 184 1
762 685 65
480 592 76
938 753 73
351 78 98
210 168 94
140 965 24
725 242 42
34 815 85
232 54 26
773 91 57
894 55 1
799 409 39
255 157 23
423 797 25
551 597 37
786 349 2
697 394 97
755 956 17
974 830 79
879 192 17
431 548 29
651 333 2
842 62 23
212 294 78
770 519 25
472 90 22
203 563 26
90 933 47
248 917 63
785 662 4
974 728 99
988 290 55
875 293 28
287 796 38
911 376 77
245 704 54
463 710 34
869 574 6
109 818 25
828 731 21
622 269 76
383 357 47
223 817 95
404 176 60
924 830 12
332 833 48
718 40 48
650 970 77
990 86 76
554 40 29
858 146 61
965 532 74
998 377 65
932 101 15
199 867 18
20 18 13
693 278 27
687 605 84
104 278 33
940 837 17
305 258 37
509 910 72
302 469 11
204 858 2
852 174 66
963 568 56
557 389 41
124 882 60
745 19 4
489 180 95
584 955 50
906 80 35
654 562 37
487 655 95
446 788 43
648 485 73
506 695 96
448 949 36
528 505 17
850 628 15
251 609 54
420 967 56
277 653 35
977 557 90
485 962 95
672 818 80
226 969 30
275 665 54
665 546 92
62 416 59
828 604 23
845 447 40
719 208 29
944 240 53
788 399 58
643 211 4
322 340 90
705 816 30
502 585 82
708 178 96
739 994 67
932 474 13
133 699 22
498 465 42
665 429 19
425 337 76
831 899 90
437 760 20
300 442 19
925 641 12
653 248 39
520 164 78
184 859 80
328 394 87
243 835 20
200 453 59
866 526 66
125 668 53
999 914 42
382 704 92
55 234 38
411 486 53
213 13 26
384 125 84
220 93 83
575 837 61
27 255 65
922 292 40
714 733 19
764 768 27
177 845 73
824 139 76
433 578 40
47 991 80
546 344 76
379 484 95
484 152 83
752 576 51
547 499 16
28 646 60
174 834 77
769 62 17
572 514 42
384 233 13
994 841 75
176 339 49
643 825 2
141 544 95
371 511 6
110 428 90
56 793 40
649 546 100
730 729 100
406 964 58
281 38 50
542 155 18
133 752 59
263 172 38
785 619 91
796 61 50
913 956 7
358 66 66
987 628 35
76 573 99
310 527 31
689 729 72
475 598 74
40 769 75
986 408 61
621 788 71
300 46 35
945 335 47
494 957 83
748 163 64
172 265 17
536 64 57
15 546 21
622 788 32
26 591 72
162 696 24
192 367 44
205 278 35
636 910 35
291 160 62
152 293 39
273 769 13
724 690 68
4 229 46
571 657 53
529 881 92
156 886 69
263 93 23
666 293 29
923 679 72
952 328 100
286 577 21
308 209 6
977 562 61
919 845 8
536 382 100
65 760 43
96 46 83
96 88 22
68 410 60
16 974 38
63 348 9
29 888 35
377 608 18
868 720 6
203 787 53
118 705 36
212 967 50
40 606 84
6 210 25
343 755 10
507 305 57
353 211 6
756 166 78
950 771 18
70 639 4
513 592 47
468 915 60
371 458 98
673 755 25
762 540 81
817 105 55
133 733 89
189 503 48
296 12 20
547 462 51
879 362 11
775 281 79
136 968 73
810 557 51
926 441 3
791 683 26
391 953 60
556 443 15
873 227 37
302 74 91
803 754 71
872 779 21
19 341 87
476 86 21
353 289 37
599 812 78
103 766 53
261 753 85
728 549 79
436 135 93
267 162 9
528 598 69
708 935 24
485 90 41
767 245 78
758 778 5
938 737 31
617 259 13
362 572 80
540 895 13
561 25 69
744 114 55
521 557 11
696 359 21
799 388 6
84 271 76
487 764 83
923 854 99
302 184 19
134 900 30
406 933 68
307 760 76
83 290 67
71 565 4
480 883 65
354 186 41
736 46 69
754 345 27
552 824 61
256 869 53
800 464 57
859 442 28
869 184 49
344 893 69
542 60 72
67 887 48
785 435 7
42 817 78
778 662 50
493 756 39
300 995 30
157 534 9
590 330 74
631 887 26
780 931 19
60 263 64
500 62 67
886 399 1
178 589 19
201 636 40
514 885 9
762 385 71
74 667 30
239 520 53
662 378 26
63 327 3
343 878 31
876 128 74
720 929 76
320 863 64
799 709 77
662 443 39
858 222 81
949 835 81
973 378 84
527 451 81
989 56 2
807 660 73
349 903 8
309 114 100
402 802 66
963 143 51
889 454 21
935 79 67
232 75 88
926 702 16
363 137 24
281 256 80
520 431 81
94 645 66
318 292 59
743 508 38
409 545 75
133 661 2
251 707 79
784 971 77
594 124 46
713 628 40
440 253 65
427 773 28
300 670 43
158 688 12
426 449 1
799 41 12
273 479 80
288 822 74
166 365 34
201 892 33
233 419 65
723 544 28
886 268 46
844 687 46
678 582 61
280 210 36
328 644 47
928 140 22
986 154 62
578 418 93
328 657 72
208 794 11
977 286 73
774 519 50
899 862 76
896 473 10
181 118 6
274 800 11
795 158 41
594 403 72
191 798 55
748 421 73
157 31 20
461 38 80
635 378 10
909 37 10
747 850 65
9 70 65
547 688 18
43 578 53
729 728 8
674 677 4
201 44 83
123 717 67
129 348 67
366 346 7
41 595 57
370 938 86
133 221 18
662 949 98
602 185 37
869 153 86
348 657 41
773 159 36
774 783 87
904 410 45
205 326 19
273 36 59
139 790 22
340 205 46
615 384 55
356 649 37
438 306 90
297 730 20
515 950 44
485 695 11
816 210 37
362 75 19
994 749 21
310 844 74
751 607 27
821 176 69
349 2 66
462 488 97
684 126 56
193 765 56
565 574 32
5 589 33
769 450 93
1000 257 28
979 103 36
372 856 61
840 794 38
887 619 48
548 309 41
626 75 45
981 13 3
658 978 33
154 186 67
637 597 81
891 236 59
2 493 88
588 671 73
245 980 16
270 704 89
146 580 76
820 153 1
83 291 42
386 744 92
750 350 19
8 764 26
277 961 98
139 801 99
51 161 10
662 546 70
119 889 96
31 133 52
862 256 22
856 120 50
70 614 44
985 586 94
275 742 57
650 431 100
77 488 97
974 308 86
477 103 25
80 591 99
510 977 85
10 126 63
81 462 51
634 891 2
684 537 98
680 761 51
83 23 83
753 742 8
786 138 92
17 755 46
966 407 26
981 195 91
277 133 5
478 999 76
728 639 84
649 687 43
510 191 78
400 209 53
877 415 96
443 57 74
827 462 15
331 754 75
62 182 67
183 865 69
167 656 93
760 58 38
262 691 51
17 662 54
150 789 43
273 56 50
159 130 68
206 344 84
77 567 35
69 467 52
474 880 99
474 582 3
732 730 78
609 975 92
563 704 71
311 305 89
496 611 40
112 69 74
999 911 100
314 574 47
362 224 99
694 130 63
734 208 6
893 843 86
207 176 92
954 374 36
911 714 85
90 761 54
541 50 99
498 210 41
678 241 38
338 744 33
630 378 54
33 51 16
759 563 63
364 321 92
550 170 72
43 200 38
804 169 54
714 90 61
98 896 22
873 811 58
722 935 27
408 583 28
924 233 32
94 267 67
225 65 23
373 247 59
562 972 44
587 473 47
583 254 54
147 175 56
727 711 85
331 49 61
741 329 70
483 649 45
3 40 50
524 546 81
159 117 49
535 334 44
314 853 3
596 262 98
523 305 28
512 109 22
525 47 73
380 760 2
11 817 97
752 920 82
210 351 14
727 485 17
916 259 37
131 194 37
169 40 82
316 102 32
92 281 79
242 662 78
835 941 30
262 415 45
678 173 90
482 932 89
324 555 88
778 772 31
211 907 37
225 315 99
168 945 15
293 28 73
220 700 87
390 323 28
22 950 41
714 827 53
165 93 37
144 687 89
781 833 33
108 260 71
